0099
0009
0071
0016
0073
0041
0089
0072
0079
0058
0004
0081
0037
0000
0026
0060
0043
0059
0019
0048
0040
0025
0007
0044
0033
0005
0011
0046
0062
0012
0092
0053
0052
0001
0098
0088
0055
0045
0084
0087
0023
0013
0054
0035
0018
0008
0066
0015
0080
0049
0095
0069
0039
0061
0083
0075
0047
0050
0032
0003
0096
0067
0097
0031
0093
0006
0063
0024
0086
0085
0082
0074
0090
0028
0091
0017
0027
0038
0065
0076
0022
0078
0068
0030
0029
0094
0077
0020
0036
0051
0057
0034
0070
0010
0021
0064
0014
0002
0056
0042
